// Matrix3D

=C=
	
A	993777	990027	981609	973270	960934	933392	915751	891680	850533	861520	890041	900879	919466	941305	959893	975166	984162	
C	215584	218148	219925	222590	225087	222073	218564	218340	209836	205379	205573	206271	209253	211836	213069	215435	217924	
D	666513	664253	666824	669804	683739	708304	750669	772639	845917	847075	821537	797672	752240	728607	719231	707871	701669	
E	725193	722237	723949	715187	704036	710952	720792	705457	702201	726341	758037	786837	767530	764729	768201	758352	750712	
F	462517	468555	468963	471968	470567	458403	437714	428322	397877	396579	404230	418156	444166	456543	458738	465843	468067	
G	835336	836757	836341	839418	857488	898153	960223	1016696	1104208	1044078	991968	930673	860637	825069	807851	801521	807562	
H	284726	287164	288953	290602	291672	295361	300385	298616	296115	290127	287333	286445	281555	279837	279707	281242	280758	
I	621004	626177	621629	617328	601317	574811	522874	510168	474457	478815	499848	525207	579113	607526	612482	621218	624489	
K	603999	605965	606696	603481	601104	610731	620247	606254	595086	598756	598460	591290	585413	584510	592808	590712	590537	
L	1089882	1093688	1081308	1071819	1056810	1003334	929632	916931	830501	828423	851594	876062	950015	992317	1010698	1044369	1069954	
M	262638	215795	214107	212638	209500	200873	189984	190466	174199	173514	178755	184846	194812	201966	205853	212803	217934	
N	502917	502762	503055	505991	517036	534397	563797	576044	603087	589306	562294	532095	503855	490871	490707	490256	493076	
P	724599	733424	746397	767039	799079	847402	901858	966929	1019663	1087224	994765	950954	892558	840775	801570	771842	751144	
Q	463551	462612	462395	456317	448932	449925	451396	439540	424078	425352	435315	449930	451820	454328	461253	459446	458816	
R	717701	721034	722363	715987	710107	710378	707278	682546	661434	661439	673105	673621	687132	696193	709780	712753	714208	
S	963523	967256	970809	979778	996325	1015186	1045353	1050418	1109347	1086414	1082903	1055945	1020216	996161	987495	976598	969779	
T	704899	707198	706366	708143	709762	713147	725841	726910	759544	743064	755779	762947	751282	740339	734000	725086	717166	
V	774132	782724	781904	780307	764111	736250	686211	667416	628492	634774	669545	710510	763810	791020	791310	788877	783345	
W	167025	168604	168869	168642	165865	159924	150739	147062	142017	148503	159979	165697	173884	175582	174877	176369	175277	
Y	361546	366682	368600	370753	367591	358066	341754	328628	312470	314379	320001	335025	352305	361548	361539	365303	364483	


=E=
	
A	348928	346520	340896	335386	330747	324847	321288	311311	310024	308835	310643	318552	322833	326822	331107	335096	338645	
C	67451	66428	66300	65963	65199	65129	68110	68872	76825	77723	73873	73996	71211	68737	66703	65465	65362	
D	255119	261766	265571	266453	256495	243231	217245	197684	182262	200021	233617	265056	286625	295419	293629	287398	276095	
E	265768	267658	267005	264234	259749	255491	247204	245455	236237	236056	248105	255403	266165	273039	276830	278547	277752	
F	143767	139431	135612	133694	135476	142231	157289	172297	190225	185977	175687	161741	145616	136632	133586	134397	138659	
G	342220	359306	376414	394888	404260	393223	373136	342275	282373	257672	284072	326607	370874	383971	383479	375607	361751	
H	103896	105524	106891	107713	108220	108319	106402	108416	108644	106067	106879	106091	106641	106223	105701	105534	104819	
I	193777	187190	181036	178839	185989	201818	230903	252779	276978	276703	250802	224318	194479	180224	176776	179236	187404	
K	219847	223790	225829	225394	223867	219661	208950	206009	195822	189489	191997	192954	200531	206822	211325	212966	213202	
L	325835	314404	302600	294338	293222	297323	318889	331139	356681	362884	339482	321155	295364	286126	285223	291601	303677	
M	85477	65522	64040	63103	63849	65454	68899	71152	75195	74540	69357	66120	63133	62189	62748	64055	65942	
N	198162	204016	208777	210914	205727	196938	178759	165144	151677	151316	171807	190927	204432	211789	211779	207563	201322	
P	302224	309835	313561	313524	307391	292847	277963	252868	244633	260161	290842	299446	308369	316445	319780	316922	312310	
Q	172348	172711	172468	171089	169587	167456	162967	161770	158182	154508	151607	152619	158529	162184	165142	168279	169583	
R	259732	261509	262188	261637	261493	260927	256295	260252	257357	250768	245036	239184	240611	243630	246490	248998	250876	
S	410680	416802	419248	419517	414341	408992	393723	380509	380167	387440	397649	411012	423018	427606	426139	422824	417248	
T	289681	292205	293932	296312	299490	306010	305962	313524	314640	323956	312609	305484	305460	304703	302478	300794	299297	
V	266142	259871	255432	256463	270334	296811	335986	367670	396655	397284	359472	323253	285207	263841	257070	257821	264376	
W	47273	45901	44251	43415	44489	46826	51820	57319	61456	59472	54551	49645	46350	45992	46756	48483	50175	
Y	115682	113620	111958	111133	114084	120475	132219	147564	157976	153137	145922	130446	118561	111615	111268	112423	115514	


=H=
	
A	873972	888789	900848	916038	934344	968965	991062	1025486	1067931	1057401	1025851	1005374	980857	952778	927581	906484	891810	
C	132757	132965	131986	130032	128549	131789	132425	131997	132511	136024	139673	138865	138717	138800	139697	138886	136469	
D	527899	529408	523546	519871	516765	506047	490322	488538	431386	413035	405161	398080	421739	436611	447863	465227	482390	
E	690872	698995	698949	710870	727700	726082	725610	743970	757798	734965	692205	657113	666842	664022	657258	665751	674674	
F	389813	392172	396627	395614	394582	399566	404429	397955	409763	414869	417144	416589	406442	402348	402862	394464	387738	
G	539745	528279	513292	493491	467982	439914	399274	374746	348080	433364	459730	478817	505183	528504	546832	561777	570017	
H	207623	205977	203235	200711	198969	195068	191989	191676	193916	202612	204597	206439	211103	213410	214182	213084	214629	
I	545254	552367	564076	570557	578354	588197	610164	599830	610346	605428	609396	609779	584890	569735	567328	555005	542238	
K	545142	545321	538889	540335	543076	536820	537560	554617	576342	579951	579224	587114	587192	583852	573289	576503	580030	
L	1032670	1050222	1077036	1095691	1111081	1159475	1210594	1209471	1268342	1261961	1259941	1251159	1200431	1164390	1143908	1100745	1059787	
M	242032	205142	208807	211813	214845	222421	230315	228144	240691	242531	242775	240178	233449	227375	223057	214819	207722	
N	376484	374961	368126	361753	355138	345867	334333	335456	321827	336134	342951	354370	369354	375474	376106	381700	385927	
P	395301	384216	367141	346679	320429	286486	246527	206158	161532	78407	140182	175573	225351	269571	306146	338793	364503	
Q	417438	422275	423410	430904	439832	441196	444318	457607	476854	479387	472555	457314	449792	443983	434394	433479	433610	
R	601154	603234	601963	608291	614503	614852	622883	644357	669324	676866	672356	679091	665534	655079	640044	636554	636793	
S	668353	665905	655710	644758	631863	617595	601796	609267	550217	565531	558638	572255	595895	615411	625929	640385	652869	
T	500584	501425	497796	491795	485553	474313	460705	451383	416809	423513	421598	421287	432475	443925	452369	462778	470854	
V	592970	596932	604164	605999	609194	610938	622020	609174	619072	611661	613883	608207	592187	585246	590835	591238	588326	
W	137362	138845	140908	142342	144401	148256	152669	151225	152409	148080	141784	141212	136600	135460	135637	132549	132079	
Y	274842	274837	275758	274723	275107	278420	283272	281210	287117	290547	292623	293451	288234	286293	286950	282046	279802	


